{
 "cells": [
  {
   "cell_type": "code",
   "execution_count": 44,
   "metadata": {},
   "outputs": [],
   "source": [
    "import pandas as pd\n",
    "import numpy as np\n",
    "from scipy.cluster.hierarchy import dendrogram, linkage\n",
    "from matplotlib import pyplot as plt"
   ]
  },
  {
   "cell_type": "code",
   "execution_count": 45,
   "metadata": {},
   "outputs": [
    {
     "data": {
      "text/plain": [
       "'3.9.2'"
      ]
     },
     "execution_count": 45,
     "metadata": {},
     "output_type": "execute_result"
    }
   ],
   "source": [
    "import matplotlib\n",
    "matplotlib.__version__"
   ]
  },
  {
   "cell_type": "code",
   "execution_count": 46,
   "metadata": {},
   "outputs": [],
   "source": [
    "assets = pd.read_csv('pricing.csv', index_col=0)"
   ]
  },
  {
   "cell_type": "code",
   "execution_count": 47,
   "metadata": {},
   "outputs": [],
   "source": [
    "returns = assets.pct_change().dropna()"
   ]
  },
  {
   "cell_type": "code",
   "execution_count": 48,
   "metadata": {},
   "outputs": [
    {
     "data": {
      "application/vnd.microsoft.datawrangler.viewer.v0+json": {
       "columns": [
        {
         "name": "index",
         "rawType": "object",
         "type": "string"
        },
        {
         "name": "AAPL",
         "rawType": "float64",
         "type": "float"
        },
        {
         "name": "PETS",
         "rawType": "float64",
         "type": "float"
        },
        {
         "name": "STMP",
         "rawType": "float64",
         "type": "float"
        },
        {
         "name": "VZ",
         "rawType": "float64",
         "type": "float"
        },
        {
         "name": "SO",
         "rawType": "float64",
         "type": "float"
        },
        {
         "name": "T",
         "rawType": "float64",
         "type": "float"
        },
        {
         "name": "FXY",
         "rawType": "float64",
         "type": "float"
        },
        {
         "name": "FXB",
         "rawType": "float64",
         "type": "float"
        },
        {
         "name": "FXF",
         "rawType": "float64",
         "type": "float"
        },
        {
         "name": "VCLT",
         "rawType": "float64",
         "type": "float"
        }
       ],
       "ref": "3bdefa34-3ce6-4abe-9dfc-e370bf3bf408",
       "rows": [
        [
         "2015-01-05",
         "-0.02817165304168534",
         "-0.010352028419096992",
         "-0.021012817751496105",
         "-0.00830475876611425",
         "-0.0042536024126461625",
         "-0.009447940197475524",
         "0.0073091715679918234",
         "-0.005245291035995914",
         "-0.0051329430366758855",
         "0.001610918776046244"
        ],
        [
         "2015-01-06",
         "9.432770099793153e-05",
         "-0.006275963452710753",
         "-0.016312477335138853",
         "0.010092596208087556",
         "0.012001628571800316",
         "0.001490193425487396",
         "0.00983892603343528",
         "-0.006741487893798359",
         "-0.002579713038415088",
         "0.010610511958239144"
        ],
        [
         "2015-01-07",
         "0.014021931974183888",
         "0.022456050114874948",
         "0.024874522018368372",
         "-0.006453078135542967",
         "0.01105545384002804",
         "0.0012074268690709378",
         "-0.0054804158433467975",
         "-0.002956806992977734",
         "-0.0053797253544360935",
         "0.0019092296420091248"
        ],
        [
         "2015-01-08",
         "0.038422488470086336",
         "-0.002059069176471917",
         "0.0029806128594846992",
         "0.021433179959549964",
         "0.0007950541612444795",
         "0.00994880586255742",
         "-0.004163653588506011",
         "-0.001617511911255698",
         "-0.004160615024114356",
         "-0.008151102637818597"
        ],
        [
         "2015-01-09",
         "0.0010723521565891847",
         "-0.021320315793984412",
         "-0.01231164983103894",
         "-0.008902144489650321",
         "-0.012713670809335942",
         "-0.00298492852453891",
         "0.009222823448285622",
         "0.005400578995468308",
         "0.004595805841069112",
         "0.0029885242763443287"
        ]
       ],
       "shape": {
        "columns": 10,
        "rows": 5
       }
      },
      "text/html": [
       "<div>\n",
       "<style scoped>\n",
       "    .dataframe tbody tr th:only-of-type {\n",
       "        vertical-align: middle;\n",
       "    }\n",
       "\n",
       "    .dataframe tbody tr th {\n",
       "        vertical-align: top;\n",
       "    }\n",
       "\n",
       "    .dataframe thead th {\n",
       "        text-align: right;\n",
       "    }\n",
       "</style>\n",
       "<table border=\"1\" class=\"dataframe\">\n",
       "  <thead>\n",
       "    <tr style=\"text-align: right;\">\n",
       "      <th></th>\n",
       "      <th>AAPL</th>\n",
       "      <th>PETS</th>\n",
       "      <th>STMP</th>\n",
       "      <th>VZ</th>\n",
       "      <th>SO</th>\n",
       "      <th>T</th>\n",
       "      <th>FXY</th>\n",
       "      <th>FXB</th>\n",
       "      <th>FXF</th>\n",
       "      <th>VCLT</th>\n",
       "    </tr>\n",
       "  </thead>\n",
       "  <tbody>\n",
       "    <tr>\n",
       "      <th>2015-01-05</th>\n",
       "      <td>-0.028172</td>\n",
       "      <td>-0.010352</td>\n",
       "      <td>-0.021013</td>\n",
       "      <td>-0.008305</td>\n",
       "      <td>-0.004254</td>\n",
       "      <td>-0.009448</td>\n",
       "      <td>0.007309</td>\n",
       "      <td>-0.005245</td>\n",
       "      <td>-0.005133</td>\n",
       "      <td>0.001611</td>\n",
       "    </tr>\n",
       "    <tr>\n",
       "      <th>2015-01-06</th>\n",
       "      <td>0.000094</td>\n",
       "      <td>-0.006276</td>\n",
       "      <td>-0.016312</td>\n",
       "      <td>0.010093</td>\n",
       "      <td>0.012002</td>\n",
       "      <td>0.001490</td>\n",
       "      <td>0.009839</td>\n",
       "      <td>-0.006741</td>\n",
       "      <td>-0.002580</td>\n",
       "      <td>0.010611</td>\n",
       "    </tr>\n",
       "    <tr>\n",
       "      <th>2015-01-07</th>\n",
       "      <td>0.014022</td>\n",
       "      <td>0.022456</td>\n",
       "      <td>0.024875</td>\n",
       "      <td>-0.006453</td>\n",
       "      <td>0.011055</td>\n",
       "      <td>0.001207</td>\n",
       "      <td>-0.005480</td>\n",
       "      <td>-0.002957</td>\n",
       "      <td>-0.005380</td>\n",
       "      <td>0.001909</td>\n",
       "    </tr>\n",
       "    <tr>\n",
       "      <th>2015-01-08</th>\n",
       "      <td>0.038422</td>\n",
       "      <td>-0.002059</td>\n",
       "      <td>0.002981</td>\n",
       "      <td>0.021433</td>\n",
       "      <td>0.000795</td>\n",
       "      <td>0.009949</td>\n",
       "      <td>-0.004164</td>\n",
       "      <td>-0.001618</td>\n",
       "      <td>-0.004161</td>\n",
       "      <td>-0.008151</td>\n",
       "    </tr>\n",
       "    <tr>\n",
       "      <th>2015-01-09</th>\n",
       "      <td>0.001072</td>\n",
       "      <td>-0.021320</td>\n",
       "      <td>-0.012312</td>\n",
       "      <td>-0.008902</td>\n",
       "      <td>-0.012714</td>\n",
       "      <td>-0.002985</td>\n",
       "      <td>0.009223</td>\n",
       "      <td>0.005401</td>\n",
       "      <td>0.004596</td>\n",
       "      <td>0.002989</td>\n",
       "    </tr>\n",
       "  </tbody>\n",
       "</table>\n",
       "</div>"
      ],
      "text/plain": [
       "                AAPL      PETS      STMP        VZ        SO         T  \\\n",
       "2015-01-05 -0.028172 -0.010352 -0.021013 -0.008305 -0.004254 -0.009448   \n",
       "2015-01-06  0.000094 -0.006276 -0.016312  0.010093  0.012002  0.001490   \n",
       "2015-01-07  0.014022  0.022456  0.024875 -0.006453  0.011055  0.001207   \n",
       "2015-01-08  0.038422 -0.002059  0.002981  0.021433  0.000795  0.009949   \n",
       "2015-01-09  0.001072 -0.021320 -0.012312 -0.008902 -0.012714 -0.002985   \n",
       "\n",
       "                 FXY       FXB       FXF      VCLT  \n",
       "2015-01-05  0.007309 -0.005245 -0.005133  0.001611  \n",
       "2015-01-06  0.009839 -0.006741 -0.002580  0.010611  \n",
       "2015-01-07 -0.005480 -0.002957 -0.005380  0.001909  \n",
       "2015-01-08 -0.004164 -0.001618 -0.004161 -0.008151  \n",
       "2015-01-09  0.009223  0.005401  0.004596  0.002989  "
      ]
     },
     "execution_count": 48,
     "metadata": {},
     "output_type": "execute_result"
    }
   ],
   "source": [
    "returns.head()"
   ]
  },
  {
   "cell_type": "code",
   "execution_count": 49,
   "metadata": {},
   "outputs": [
    {
     "data": {
      "text/plain": [
       "Index(['AAPL', 'PETS', 'STMP', 'VZ', 'SO', 'T', 'FXY', 'FXB', 'FXF', 'VCLT'], dtype='object')"
      ]
     },
     "execution_count": 49,
     "metadata": {},
     "output_type": "execute_result"
    }
   ],
   "source": [
    "returns.columns"
   ]
  },
  {
   "cell_type": "markdown",
   "metadata": {},
   "source": [
    "### Hierarchical Clustering\n",
    "\n",
    "> Hierarchical clustering can be performed with a distance matrix. Then it repeatedly executed the following 2 steps:\n",
    "1. Start by treating indivisual items as a cluster. Identify 2 clusters that are closest together\n",
    "2. merge the 2 most similar clusters.\n",
    "\n",
    "> This continues until all the clusters are merge together.\n",
    "\n",
    "\n",
    "> The distance between 2 clusters can be computed based on length of the straight line, which is the Euclidean distance. This is called **measure of distance/similarity.**\n",
    "\n",
    "> After selecting a distance metric, it is necessary to determine from where distance is computed. For example, it can be computed between the 2 similar parts of a cluster, the 2 least similar or some other criterion. This is called **Linkage Criteria**"
   ]
  },
  {
   "cell_type": "code",
   "execution_count": 50,
   "metadata": {},
   "outputs": [
    {
     "data": {
      "application/vnd.microsoft.datawrangler.viewer.v0+json": {
       "columns": [
        {
         "name": "index",
         "rawType": "object",
         "type": "string"
        },
        {
         "name": "AAPL",
         "rawType": "float64",
         "type": "float"
        },
        {
         "name": "PETS",
         "rawType": "float64",
         "type": "float"
        },
        {
         "name": "STMP",
         "rawType": "float64",
         "type": "float"
        },
        {
         "name": "VZ",
         "rawType": "float64",
         "type": "float"
        },
        {
         "name": "SO",
         "rawType": "float64",
         "type": "float"
        },
        {
         "name": "T",
         "rawType": "float64",
         "type": "float"
        },
        {
         "name": "FXY",
         "rawType": "float64",
         "type": "float"
        },
        {
         "name": "FXB",
         "rawType": "float64",
         "type": "float"
        },
        {
         "name": "FXF",
         "rawType": "float64",
         "type": "float"
        },
        {
         "name": "VCLT",
         "rawType": "float64",
         "type": "float"
        }
       ],
       "ref": "c09e531e-f905-4972-8953-9a07b6db2e85",
       "rows": [
        [
         "AAPL",
         "1.0",
         "0.20557198460681292",
         "0.15784075276300333",
         "0.16938949945708595",
         "0.07306207326303311",
         "0.24805045683141264",
         "-0.26484108743614576",
         "0.05468551248809523",
         "-0.14809759161739477",
         "-0.03831285134666466"
        ],
        [
         "PETS",
         "0.20557198460681292",
         "1.0",
         "0.09412044581711967",
         "0.029117783701384636",
         "0.012369889351995287",
         "0.06345924009475862",
         "-0.1538197581103698",
         "0.012778364903151531",
         "-0.09817357784981999",
         "-0.03506066040346983"
        ],
        [
         "STMP",
         "0.15784075276300333",
         "0.09412044581711967",
         "1.0",
         "0.038434987743088796",
         "-0.04587230817314887",
         "0.07762149918350286",
         "-0.13110848013026113",
         "0.0042189367122097065",
         "-0.09371869977471617",
         "-0.05050634510192351"
        ],
        [
         "VZ",
         "0.16938949945708595",
         "0.029117783701384636",
         "0.038434987743088796",
         "1.0",
         "0.3332440996402167",
         "0.620829433561982",
         "-0.1278859991899937",
         "0.03345191839849727",
         "-0.03315524383248541",
         "0.045621105155529404"
        ],
        [
         "SO",
         "0.07306207326303311",
         "0.012369889351995287",
         "-0.04587230817314887",
         "0.3332440996402167",
         "1.0",
         "0.23085518478724407",
         "0.058711944922004315",
         "0.013840940487371244",
         "0.06020018054358059",
         "0.26375518895351313"
        ],
        [
         "T",
         "0.24805045683141264",
         "0.06345924009475862",
         "0.07762149918350286",
         "0.620829433561982",
         "0.23085518478724407",
         "1.0",
         "-0.13823139744800098",
         "0.07307747178093488",
         "-0.032505893826154486",
         "0.0019034822039362288"
        ],
        [
         "FXY",
         "-0.26484108743614576",
         "-0.1538197581103698",
         "-0.13110848013026113",
         "-0.1278859991899937",
         "0.058711944922004315",
         "-0.13823139744800098",
         "1.0",
         "0.11318419821034144",
         "0.39208398534401206",
         "0.3319953699567437"
        ],
        [
         "FXB",
         "0.05468551248809523",
         "0.012778364903151531",
         "0.0042189367122097065",
         "0.03345191839849727",
         "0.013840940487371244",
         "0.07307747178093488",
         "0.11318419821034144",
         "1.0",
         "0.2710559784153375",
         "-0.011879099480976228"
        ],
        [
         "FXF",
         "-0.14809759161739477",
         "-0.09817357784981999",
         "-0.09371869977471617",
         "-0.03315524383248541",
         "0.06020018054358059",
         "-0.032505893826154486",
         "0.39208398534401206",
         "0.2710559784153375",
         "1.0",
         "0.14555590407889582"
        ],
        [
         "VCLT",
         "-0.03831285134666466",
         "-0.03506066040346983",
         "-0.05050634510192351",
         "0.045621105155529404",
         "0.26375518895351313",
         "0.0019034822039362288",
         "0.3319953699567437",
         "-0.011879099480976228",
         "0.14555590407889582",
         "1.0"
        ]
       ],
       "shape": {
        "columns": 10,
        "rows": 10
       }
      },
      "text/html": [
       "<div>\n",
       "<style scoped>\n",
       "    .dataframe tbody tr th:only-of-type {\n",
       "        vertical-align: middle;\n",
       "    }\n",
       "\n",
       "    .dataframe tbody tr th {\n",
       "        vertical-align: top;\n",
       "    }\n",
       "\n",
       "    .dataframe thead th {\n",
       "        text-align: right;\n",
       "    }\n",
       "</style>\n",
       "<table border=\"1\" class=\"dataframe\">\n",
       "  <thead>\n",
       "    <tr style=\"text-align: right;\">\n",
       "      <th></th>\n",
       "      <th>AAPL</th>\n",
       "      <th>PETS</th>\n",
       "      <th>STMP</th>\n",
       "      <th>VZ</th>\n",
       "      <th>SO</th>\n",
       "      <th>T</th>\n",
       "      <th>FXY</th>\n",
       "      <th>FXB</th>\n",
       "      <th>FXF</th>\n",
       "      <th>VCLT</th>\n",
       "    </tr>\n",
       "  </thead>\n",
       "  <tbody>\n",
       "    <tr>\n",
       "      <th>AAPL</th>\n",
       "      <td>1.000000</td>\n",
       "      <td>0.205572</td>\n",
       "      <td>0.157841</td>\n",
       "      <td>0.169389</td>\n",
       "      <td>0.073062</td>\n",
       "      <td>0.248050</td>\n",
       "      <td>-0.264841</td>\n",
       "      <td>0.054686</td>\n",
       "      <td>-0.148098</td>\n",
       "      <td>-0.038313</td>\n",
       "    </tr>\n",
       "    <tr>\n",
       "      <th>PETS</th>\n",
       "      <td>0.205572</td>\n",
       "      <td>1.000000</td>\n",
       "      <td>0.094120</td>\n",
       "      <td>0.029118</td>\n",
       "      <td>0.012370</td>\n",
       "      <td>0.063459</td>\n",
       "      <td>-0.153820</td>\n",
       "      <td>0.012778</td>\n",
       "      <td>-0.098174</td>\n",
       "      <td>-0.035061</td>\n",
       "    </tr>\n",
       "    <tr>\n",
       "      <th>STMP</th>\n",
       "      <td>0.157841</td>\n",
       "      <td>0.094120</td>\n",
       "      <td>1.000000</td>\n",
       "      <td>0.038435</td>\n",
       "      <td>-0.045872</td>\n",
       "      <td>0.077621</td>\n",
       "      <td>-0.131108</td>\n",
       "      <td>0.004219</td>\n",
       "      <td>-0.093719</td>\n",
       "      <td>-0.050506</td>\n",
       "    </tr>\n",
       "    <tr>\n",
       "      <th>VZ</th>\n",
       "      <td>0.169389</td>\n",
       "      <td>0.029118</td>\n",
       "      <td>0.038435</td>\n",
       "      <td>1.000000</td>\n",
       "      <td>0.333244</td>\n",
       "      <td>0.620829</td>\n",
       "      <td>-0.127886</td>\n",
       "      <td>0.033452</td>\n",
       "      <td>-0.033155</td>\n",
       "      <td>0.045621</td>\n",
       "    </tr>\n",
       "    <tr>\n",
       "      <th>SO</th>\n",
       "      <td>0.073062</td>\n",
       "      <td>0.012370</td>\n",
       "      <td>-0.045872</td>\n",
       "      <td>0.333244</td>\n",
       "      <td>1.000000</td>\n",
       "      <td>0.230855</td>\n",
       "      <td>0.058712</td>\n",
       "      <td>0.013841</td>\n",
       "      <td>0.060200</td>\n",
       "      <td>0.263755</td>\n",
       "    </tr>\n",
       "    <tr>\n",
       "      <th>T</th>\n",
       "      <td>0.248050</td>\n",
       "      <td>0.063459</td>\n",
       "      <td>0.077621</td>\n",
       "      <td>0.620829</td>\n",
       "      <td>0.230855</td>\n",
       "      <td>1.000000</td>\n",
       "      <td>-0.138231</td>\n",
       "      <td>0.073077</td>\n",
       "      <td>-0.032506</td>\n",
       "      <td>0.001903</td>\n",
       "    </tr>\n",
       "    <tr>\n",
       "      <th>FXY</th>\n",
       "      <td>-0.264841</td>\n",
       "      <td>-0.153820</td>\n",
       "      <td>-0.131108</td>\n",
       "      <td>-0.127886</td>\n",
       "      <td>0.058712</td>\n",
       "      <td>-0.138231</td>\n",
       "      <td>1.000000</td>\n",
       "      <td>0.113184</td>\n",
       "      <td>0.392084</td>\n",
       "      <td>0.331995</td>\n",
       "    </tr>\n",
       "    <tr>\n",
       "      <th>FXB</th>\n",
       "      <td>0.054686</td>\n",
       "      <td>0.012778</td>\n",
       "      <td>0.004219</td>\n",
       "      <td>0.033452</td>\n",
       "      <td>0.013841</td>\n",
       "      <td>0.073077</td>\n",
       "      <td>0.113184</td>\n",
       "      <td>1.000000</td>\n",
       "      <td>0.271056</td>\n",
       "      <td>-0.011879</td>\n",
       "    </tr>\n",
       "    <tr>\n",
       "      <th>FXF</th>\n",
       "      <td>-0.148098</td>\n",
       "      <td>-0.098174</td>\n",
       "      <td>-0.093719</td>\n",
       "      <td>-0.033155</td>\n",
       "      <td>0.060200</td>\n",
       "      <td>-0.032506</td>\n",
       "      <td>0.392084</td>\n",
       "      <td>0.271056</td>\n",
       "      <td>1.000000</td>\n",
       "      <td>0.145556</td>\n",
       "    </tr>\n",
       "    <tr>\n",
       "      <th>VCLT</th>\n",
       "      <td>-0.038313</td>\n",
       "      <td>-0.035061</td>\n",
       "      <td>-0.050506</td>\n",
       "      <td>0.045621</td>\n",
       "      <td>0.263755</td>\n",
       "      <td>0.001903</td>\n",
       "      <td>0.331995</td>\n",
       "      <td>-0.011879</td>\n",
       "      <td>0.145556</td>\n",
       "      <td>1.000000</td>\n",
       "    </tr>\n",
       "  </tbody>\n",
       "</table>\n",
       "</div>"
      ],
      "text/plain": [
       "          AAPL      PETS      STMP        VZ        SO         T       FXY  \\\n",
       "AAPL  1.000000  0.205572  0.157841  0.169389  0.073062  0.248050 -0.264841   \n",
       "PETS  0.205572  1.000000  0.094120  0.029118  0.012370  0.063459 -0.153820   \n",
       "STMP  0.157841  0.094120  1.000000  0.038435 -0.045872  0.077621 -0.131108   \n",
       "VZ    0.169389  0.029118  0.038435  1.000000  0.333244  0.620829 -0.127886   \n",
       "SO    0.073062  0.012370 -0.045872  0.333244  1.000000  0.230855  0.058712   \n",
       "T     0.248050  0.063459  0.077621  0.620829  0.230855  1.000000 -0.138231   \n",
       "FXY  -0.264841 -0.153820 -0.131108 -0.127886  0.058712 -0.138231  1.000000   \n",
       "FXB   0.054686  0.012778  0.004219  0.033452  0.013841  0.073077  0.113184   \n",
       "FXF  -0.148098 -0.098174 -0.093719 -0.033155  0.060200 -0.032506  0.392084   \n",
       "VCLT -0.038313 -0.035061 -0.050506  0.045621  0.263755  0.001903  0.331995   \n",
       "\n",
       "           FXB       FXF      VCLT  \n",
       "AAPL  0.054686 -0.148098 -0.038313  \n",
       "PETS  0.012778 -0.098174 -0.035061  \n",
       "STMP  0.004219 -0.093719 -0.050506  \n",
       "VZ    0.033452 -0.033155  0.045621  \n",
       "SO    0.013841  0.060200  0.263755  \n",
       "T     0.073077 -0.032506  0.001903  \n",
       "FXY   0.113184  0.392084  0.331995  \n",
       "FXB   1.000000  0.271056 -0.011879  \n",
       "FXF   0.271056  1.000000  0.145556  \n",
       "VCLT -0.011879  0.145556  1.000000  "
      ]
     },
     "execution_count": 50,
     "metadata": {},
     "output_type": "execute_result"
    }
   ],
   "source": [
    "# correlation matrix\n",
    "corr = returns.corr()\n",
    "corr"
   ]
  },
  {
   "cell_type": "code",
   "execution_count": 51,
   "metadata": {},
   "outputs": [
    {
     "data": {
      "application/vnd.microsoft.datawrangler.viewer.v0+json": {
       "columns": [
        {
         "name": "index",
         "rawType": "object",
         "type": "string"
        },
        {
         "name": "AAPL",
         "rawType": "float64",
         "type": "float"
        },
        {
         "name": "PETS",
         "rawType": "float64",
         "type": "float"
        },
        {
         "name": "STMP",
         "rawType": "float64",
         "type": "float"
        },
        {
         "name": "VZ",
         "rawType": "float64",
         "type": "float"
        },
        {
         "name": "SO",
         "rawType": "float64",
         "type": "float"
        },
        {
         "name": "T",
         "rawType": "float64",
         "type": "float"
        },
        {
         "name": "FXY",
         "rawType": "float64",
         "type": "float"
        },
        {
         "name": "FXB",
         "rawType": "float64",
         "type": "float"
        },
        {
         "name": "FXF",
         "rawType": "float64",
         "type": "float"
        },
        {
         "name": "VCLT",
         "rawType": "float64",
         "type": "float"
        }
       ],
       "ref": "1abb7656-4eb0-4330-b096-4a0d2543ddbd",
       "rows": [
        [
         "AAPL",
         "0.0",
         "0.6302491631859526",
         "0.6489064829530511",
         "0.6444418129447042",
         "0.6807855487365191",
         "0.6131678168203984",
         "0.7952487307239622",
         "0.6875007227312219",
         "0.7576600793289148",
         "0.7205251041242993"
        ],
        [
         "PETS",
         "0.6302491631859526",
         "0.0",
         "0.6730080067067852",
         "0.6967360390774312",
         "0.7027197558941988",
         "0.684302842280098",
         "0.7595458373628183",
         "0.7025744213593491",
         "0.7410039061468637",
         "0.7193958091355098"
        ],
        [
         "STMP",
         "0.6489064829530511",
         "0.6730080067067852",
         "0.0",
         "0.6933848182131301",
         "0.7231432458970868",
         "0.6791091594200807",
         "0.7520334035567373",
         "0.7056135852177842",
         "0.739499391404319",
         "0.7247435219103112"
        ],
        [
         "VZ",
         "0.6444418129447042",
         "0.6967360390774312",
         "0.6933848182131301",
         "0.0",
         "0.577388907219295",
         "0.43541392171014587",
         "0.7509613835577678",
         "0.6951791429557933",
         "0.7187333454879095",
         "0.6907890035475632"
        ],
        [
         "SO",
         "0.6807855487365191",
         "0.7027197558941988",
         "0.7231432458970868",
         "0.577388907219295",
         "0.0",
         "0.6201390228056753",
         "0.6860350046018044",
         "0.7021962188422225",
         "0.6854924578200767",
         "0.6067309169007653"
        ],
        [
         "T",
         "0.6131678168203984",
         "0.684302842280098",
         "0.6791091594200807",
         "0.43541392171014587",
         "0.6201390228056753",
         "0.0",
         "0.7543975733815694",
         "0.6807798940256187",
         "0.7185074438814655",
         "0.7064334780416567"
        ],
        [
         "FXY",
         "0.7952487307239622",
         "0.7595458373628183",
         "0.7520334035567373",
         "0.7509613835577678",
         "0.6860350046018044",
         "0.7543975733815694",
         "0.0",
         "0.6658888052031129",
         "0.5513238679106809",
         "0.5779293339342001"
        ],
        [
         "FXB",
         "0.6875007227312219",
         "0.7025744213593491",
         "0.7056135852177842",
         "0.6951791429557933",
         "0.7021962188422225",
         "0.6807798940256187",
         "0.6658888052031129",
         "0.0",
         "0.6037151735647625",
         "0.7112942778769474"
        ],
        [
         "FXF",
         "0.7576600793289148",
         "0.7410039061468637",
         "0.739499391404319",
         "0.7187333454879095",
         "0.6854924578200767",
         "0.7185074438814655",
         "0.5513238679106809",
         "0.6037151735647625",
         "0.0",
         "0.6536222517330267"
        ],
        [
         "VCLT",
         "0.7205251041242993",
         "0.7193958091355098",
         "0.7247435219103112",
         "0.6907890035475632",
         "0.6067309169007653",
         "0.7064334780416567",
         "0.5779293339342001",
         "0.7112942778769474",
         "0.6536222517330267",
         "0.0"
        ]
       ],
       "shape": {
        "columns": 10,
        "rows": 10
       }
      },
      "text/html": [
       "<div>\n",
       "<style scoped>\n",
       "    .dataframe tbody tr th:only-of-type {\n",
       "        vertical-align: middle;\n",
       "    }\n",
       "\n",
       "    .dataframe tbody tr th {\n",
       "        vertical-align: top;\n",
       "    }\n",
       "\n",
       "    .dataframe thead th {\n",
       "        text-align: right;\n",
       "    }\n",
       "</style>\n",
       "<table border=\"1\" class=\"dataframe\">\n",
       "  <thead>\n",
       "    <tr style=\"text-align: right;\">\n",
       "      <th></th>\n",
       "      <th>AAPL</th>\n",
       "      <th>PETS</th>\n",
       "      <th>STMP</th>\n",
       "      <th>VZ</th>\n",
       "      <th>SO</th>\n",
       "      <th>T</th>\n",
       "      <th>FXY</th>\n",
       "      <th>FXB</th>\n",
       "      <th>FXF</th>\n",
       "      <th>VCLT</th>\n",
       "    </tr>\n",
       "  </thead>\n",
       "  <tbody>\n",
       "    <tr>\n",
       "      <th>AAPL</th>\n",
       "      <td>0.000000</td>\n",
       "      <td>0.630249</td>\n",
       "      <td>0.648906</td>\n",
       "      <td>0.644442</td>\n",
       "      <td>0.680786</td>\n",
       "      <td>0.613168</td>\n",
       "      <td>0.795249</td>\n",
       "      <td>0.687501</td>\n",
       "      <td>0.757660</td>\n",
       "      <td>0.720525</td>\n",
       "    </tr>\n",
       "    <tr>\n",
       "      <th>PETS</th>\n",
       "      <td>0.630249</td>\n",
       "      <td>0.000000</td>\n",
       "      <td>0.673008</td>\n",
       "      <td>0.696736</td>\n",
       "      <td>0.702720</td>\n",
       "      <td>0.684303</td>\n",
       "      <td>0.759546</td>\n",
       "      <td>0.702574</td>\n",
       "      <td>0.741004</td>\n",
       "      <td>0.719396</td>\n",
       "    </tr>\n",
       "    <tr>\n",
       "      <th>STMP</th>\n",
       "      <td>0.648906</td>\n",
       "      <td>0.673008</td>\n",
       "      <td>0.000000</td>\n",
       "      <td>0.693385</td>\n",
       "      <td>0.723143</td>\n",
       "      <td>0.679109</td>\n",
       "      <td>0.752033</td>\n",
       "      <td>0.705614</td>\n",
       "      <td>0.739499</td>\n",
       "      <td>0.724744</td>\n",
       "    </tr>\n",
       "    <tr>\n",
       "      <th>VZ</th>\n",
       "      <td>0.644442</td>\n",
       "      <td>0.696736</td>\n",
       "      <td>0.693385</td>\n",
       "      <td>0.000000</td>\n",
       "      <td>0.577389</td>\n",
       "      <td>0.435414</td>\n",
       "      <td>0.750961</td>\n",
       "      <td>0.695179</td>\n",
       "      <td>0.718733</td>\n",
       "      <td>0.690789</td>\n",
       "    </tr>\n",
       "    <tr>\n",
       "      <th>SO</th>\n",
       "      <td>0.680786</td>\n",
       "      <td>0.702720</td>\n",
       "      <td>0.723143</td>\n",
       "      <td>0.577389</td>\n",
       "      <td>0.000000</td>\n",
       "      <td>0.620139</td>\n",
       "      <td>0.686035</td>\n",
       "      <td>0.702196</td>\n",
       "      <td>0.685492</td>\n",
       "      <td>0.606731</td>\n",
       "    </tr>\n",
       "    <tr>\n",
       "      <th>T</th>\n",
       "      <td>0.613168</td>\n",
       "      <td>0.684303</td>\n",
       "      <td>0.679109</td>\n",
       "      <td>0.435414</td>\n",
       "      <td>0.620139</td>\n",
       "      <td>0.000000</td>\n",
       "      <td>0.754398</td>\n",
       "      <td>0.680780</td>\n",
       "      <td>0.718507</td>\n",
       "      <td>0.706433</td>\n",
       "    </tr>\n",
       "    <tr>\n",
       "      <th>FXY</th>\n",
       "      <td>0.795249</td>\n",
       "      <td>0.759546</td>\n",
       "      <td>0.752033</td>\n",
       "      <td>0.750961</td>\n",
       "      <td>0.686035</td>\n",
       "      <td>0.754398</td>\n",
       "      <td>0.000000</td>\n",
       "      <td>0.665889</td>\n",
       "      <td>0.551324</td>\n",
       "      <td>0.577929</td>\n",
       "    </tr>\n",
       "    <tr>\n",
       "      <th>FXB</th>\n",
       "      <td>0.687501</td>\n",
       "      <td>0.702574</td>\n",
       "      <td>0.705614</td>\n",
       "      <td>0.695179</td>\n",
       "      <td>0.702196</td>\n",
       "      <td>0.680780</td>\n",
       "      <td>0.665889</td>\n",
       "      <td>0.000000</td>\n",
       "      <td>0.603715</td>\n",
       "      <td>0.711294</td>\n",
       "    </tr>\n",
       "    <tr>\n",
       "      <th>FXF</th>\n",
       "      <td>0.757660</td>\n",
       "      <td>0.741004</td>\n",
       "      <td>0.739499</td>\n",
       "      <td>0.718733</td>\n",
       "      <td>0.685492</td>\n",
       "      <td>0.718507</td>\n",
       "      <td>0.551324</td>\n",
       "      <td>0.603715</td>\n",
       "      <td>0.000000</td>\n",
       "      <td>0.653622</td>\n",
       "    </tr>\n",
       "    <tr>\n",
       "      <th>VCLT</th>\n",
       "      <td>0.720525</td>\n",
       "      <td>0.719396</td>\n",
       "      <td>0.724744</td>\n",
       "      <td>0.690789</td>\n",
       "      <td>0.606731</td>\n",
       "      <td>0.706433</td>\n",
       "      <td>0.577929</td>\n",
       "      <td>0.711294</td>\n",
       "      <td>0.653622</td>\n",
       "      <td>0.000000</td>\n",
       "    </tr>\n",
       "  </tbody>\n",
       "</table>\n",
       "</div>"
      ],
      "text/plain": [
       "          AAPL      PETS      STMP        VZ        SO         T       FXY  \\\n",
       "AAPL  0.000000  0.630249  0.648906  0.644442  0.680786  0.613168  0.795249   \n",
       "PETS  0.630249  0.000000  0.673008  0.696736  0.702720  0.684303  0.759546   \n",
       "STMP  0.648906  0.673008  0.000000  0.693385  0.723143  0.679109  0.752033   \n",
       "VZ    0.644442  0.696736  0.693385  0.000000  0.577389  0.435414  0.750961   \n",
       "SO    0.680786  0.702720  0.723143  0.577389  0.000000  0.620139  0.686035   \n",
       "T     0.613168  0.684303  0.679109  0.435414  0.620139  0.000000  0.754398   \n",
       "FXY   0.795249  0.759546  0.752033  0.750961  0.686035  0.754398  0.000000   \n",
       "FXB   0.687501  0.702574  0.705614  0.695179  0.702196  0.680780  0.665889   \n",
       "FXF   0.757660  0.741004  0.739499  0.718733  0.685492  0.718507  0.551324   \n",
       "VCLT  0.720525  0.719396  0.724744  0.690789  0.606731  0.706433  0.577929   \n",
       "\n",
       "           FXB       FXF      VCLT  \n",
       "AAPL  0.687501  0.757660  0.720525  \n",
       "PETS  0.702574  0.741004  0.719396  \n",
       "STMP  0.705614  0.739499  0.724744  \n",
       "VZ    0.695179  0.718733  0.690789  \n",
       "SO    0.702196  0.685492  0.606731  \n",
       "T     0.680780  0.718507  0.706433  \n",
       "FXY   0.665889  0.551324  0.577929  \n",
       "FXB   0.000000  0.603715  0.711294  \n",
       "FXF   0.603715  0.000000  0.653622  \n",
       "VCLT  0.711294  0.653622  0.000000  "
      ]
     },
     "execution_count": 51,
     "metadata": {},
     "output_type": "execute_result"
    }
   ],
   "source": [
    "# distance matrix\n",
    "d_corr = np.sqrt(0.5*(1-corr))\n",
    "d_corr"
   ]
  },
  {
   "cell_type": "code",
   "execution_count": 52,
   "metadata": {},
   "outputs": [
    {
     "name": "stderr",
     "output_type": "stream",
     "text": [
      "C:\\Users\\keyua\\AppData\\Local\\Temp\\ipykernel_50920\\3658965625.py:1: ClusterWarning: The symmetric non-negative hollow observation matrix looks suspiciously like an uncondensed distance matrix\n",
      "  link = linkage(d_corr, 'single')\n"
     ]
    },
    {
     "data": {
